546 159 
0 545 184 546 159 
17.2046505341 546 159 560 169 
-1 
556 184 
0 556 184 545 184 
5.0 556 184 560 181 
-1 
534 184 
0 545 184 534 184 
-1 
545 184 
0 545 184 546 159 
0 556 184 545 184 
0 545 184 534 184 
0 545 184 549 195 
-1 
549 195 
0 548 214 549 195 
0 545 184 549 195 
10.0498756211 549 195 559 194 
-1 
555 214 
0 548 214 555 214 
8.0622577483 555 214 559 221 
-1 
548 214 
0 548 214 523 216 
0 548 214 549 195 
0 548 214 555 214 
-1 
523 216 
0 548 214 523 216 
9.21954445729 523 216 517 223 
-1 
559 194 
18.4390889146 559 194 573 206 
13.0384048104 559 194 560 181 
10.0498756211 549 195 559 194 
28.0178514522 559 194 587 193 
27.0 559 194 559 221 
-1 
587 193 
19.1049731745 587 193 573 206 
20.0249843945 588 173 587 193 
28.0178514522 559 194 587 193 
30.0 587 193 587 223 
-1 
588 173 
20.0249843945 588 173 587 193 
29.1204395571 560 181 588 173 
28.2842712475 588 173 560 169 
-1 
560 169 
12.0 560 169 560 181 
17.2046505341 546 159 560 169 
28.2842712475 588 173 560 169 
-1 
560 181 
29.1204395571 560 181 588 173 
13.0384048104 559 194 560 181 
12.0 560 169 560 181 
5.0 556 184 560 181 
-1 
573 206 
22.0227155455 573 206 587 223 
20.5182845287 573 206 559 221 
18.4390889146 559 194 573 206 
19.1049731745 587 193 573 206 
-1 
559 221 
28.0713376952 587 223 559 221 
42.0119030752 558 263 559 221 
20.5182845287 573 206 559 221 
8.0622577483 555 214 559 221 
27.0 559 194 559 221 
42.0475920833 559 221 517 223 
-1 
587 223 
28.0713376952 587 223 559 221 
49.4064773081 587 223 558 263 
42.0119030752 588 265 587 223 
22.0227155455 573 206 587 223 
30.0 587 193 587 223 
30.0166620396 617 222 587 223 
-1 
558 263 
49.4064773081 587 223 558 263 
42.0119030752 558 263 559 221 
30.0665927567 558 263 588 265 
24.2074368738 573 282 558 263 
42.0119030752 558 263 559 305 
-1 
588 265 
42.0119030752 588 265 587 223 
30.0665927567 558 263 588 265 
22.6715680975 588 265 573 282 
38.0525951809 588 265 590 303 
12.1655250606 588 265 590 277 
30.6757233004 588 265 617 275 
29.1547594742 588 265 617 262 
-1 
573 282 
24.2074368738 573 282 558 263 
22.6715680975 588 265 573 282 
27.0185121722 590 303 573 282 
26.9258240357 573 282 559 305 
-1 
559 305 
31.064449134 559 305 590 303 
26.9258240357 573 282 559 305 
42.0119030752 558 263 559 305 
17.691806013 559 305 546 317 
41.9761837236 559 305 518 296 
-1 
590 303 
27.0185121722 590 303 573 282 
31.064449134 559 305 590 303 
38.0525951809 588 265 590 303 
26.0 590 303 590 277 
33.9705755029 590 303 613 328 
-1 
517 223 
9.21954445729 523 216 517 223 
42.0475920833 559 221 517 223 
15.1327459504 517 223 502 221 
-1 
590 277 
12.1655250606 588 265 590 277 
26.0 590 303 590 277 
-1 
280 445 
14.0 280 445 266 445 
32.5729949498 290 414 280 445 
57.1401785086 328 414 280 445 
50.0099990002 330 444 280 445 
-1 
290 414 
32.5729949498 290 414 280 445 
31.384709653 263 430 290 414 
25.495097568 290 414 265 419 
38.0 328 414 290 414 
24.5967477525 301 392 290 414 
23.2594066992 311 404 290 414 
23.0217288664 291 391 290 414 
34.5253530033 290 414 256 408 
-1 
265 419 
11.1803398875 263 430 265 419 
25.495097568 290 414 265 419 
-1 
263 430 
15.2970585408 266 445 263 430 
31.384709653 263 430 290 414 
11.1803398875 263 430 265 419 
-1 
266 445 
15.2970585408 266 445 263 430 
14.0 280 445 266 445 
-1 
328 414 
38.0 328 414 290 414 
57.1401785086 328 414 280 445 
20.591260282 328 414 318 396 
19.7230829233 311 404 328 414 
30.0665927567 328 414 330 444 
40.3608721412 355 444 328 414 
26.1725046566 354 417 328 414 
-1 
311 404 
23.2594066992 311 404 290 414 
12.5299640861 311 404 300 398 
10.6301458127 318 396 311 404 
19.7230829233 311 404 328 414 
-1 
301 392 
24.5967477525 301 392 290 414 
10.0498756211 301 392 291 391 
6.0827625303 300 398 301 392 
15.1327459504 316 390 301 392 
13.0384048104 308 381 301 392 
-1 
316 390 
12.0415945788 316 390 328 391 
6.32455532034 318 396 316 390 
15.1327459504 316 390 301 392 
12.0415945788 316 390 308 381 
-1 
318 396 
10.6301458127 318 396 311 404 
11.1803398875 328 391 318 396 
6.32455532034 318 396 316 390 
20.591260282 328 414 318 396 
-1 
300 398 
6.0827625303 300 398 301 392 
12.5299640861 311 404 300 398 
-1 
291 391 
23.0217288664 291 391 290 414 
10.0498756211 301 392 291 391 
-1 
328 391 
11.1803398875 328 391 318 396 
12.0415945788 316 390 328 391 
11.0 328 380 328 391 
-1 
308 381 
13.0384048104 308 381 301 392 
12.0415945788 316 390 308 381 
-1 
355 444 
25.0 355 444 330 444 
40.3608721412 355 444 328 414 
27.0185121722 354 417 355 444 
32.6496554346 376 419 355 444 
22.0907220344 355 444 377 446 
0 353 454 355 444 
-1 
330 444 
50.0099990002 330 444 280 445 
25.0 355 444 330 444 
30.0665927567 328 414 330 444 
-1 
354 417 
26.1725046566 354 417 328 414 
27.0185121722 354 417 355 444 
22.0907220344 354 417 376 419 
25.079872408 354 417 352 392 
-1 
376 419 
22.0907220344 354 417 376 419 
32.6496554346 376 419 355 444 
27.0185121722 376 419 377 446 
43.1740662898 418 429 376 419 
48.0936586256 376 419 424 416 
-1 
377 446 
22.0907220344 355 444 377 446 
27.0185121722 376 419 377 446 
44.3846820423 377 446 418 429 
27.0739727414 404 444 377 446 
-1 
418 429 
44.3846820423 377 446 418 429 
43.1740662898 418 429 376 419 
14.3178210633 424 416 418 429 
15.8113883008 418 429 403 434 
15.8113883008 418 429 405 420 
17.0 418 429 418 446 
41.1096095822 457 442 418 429 
40.162171256 456 416 418 429 
-1 
424 416 
14.3178210633 424 416 418 429 
48.0936586256 376 419 424 416 
19.4164878389 424 416 405 420 
32.0 424 416 456 416 
-1 
404 444 
27.0739727414 404 444 377 446 
10.0498756211 403 434 404 444 
14.1421356237 404 444 418 446 
-1 
403 434 
10.0498756211 403 434 404 444 
15.8113883008 418 429 403 434 
14.1421356237 405 420 403 434 
-1 
405 420 
14.1421356237 405 420 403 434 
15.8113883008 418 429 405 420 
19.4164878389 424 416 405 420 
14.1421356237 407 406 405 420 
-1 
407 406 
14.1421356237 407 406 405 420 
-1 
418 446 
14.1421356237 404 444 418 446 
17.0 418 429 418 446 
39.2045915678 418 446 457 442 
44.0113621693 418 446 419 490 
-1 
457 442 
39.2045915678 418 446 457 442 
41.1096095822 457 442 418 429 
26.0192236625 456 416 457 442 
17.4928556845 472 433 457 442 
29.2745623366 457 442 486 446 
5.38516480713 457 442 455 447 
-1 
456 416 
26.0192236625 456 416 457 442 
40.162171256 456 416 418 429 
32.0 424 416 456 416 
23.3452350599 456 416 472 433 
15.8113883008 471 411 456 416 
18.0 456 398 456 416 
32.6496554346 431 395 456 416 
-1 
472 433 
17.4928556845 472 433 457 442 
23.3452350599 456 416 472 433 
19.1049731745 486 446 472 433 
16.2788205961 484 422 472 433 
-1 
486 446 
19.1049731745 486 446 472 433 
29.2745623366 457 442 486 446 
24.0831891576 486 446 484 422 
28.1780056072 486 446 511 433 
26.0 486 446 512 446 
21.2602916255 470 460 486 446 
24.1867732449 483 470 486 446 
-1 
484 422 
16.2788205961 484 422 472 433 
24.0831891576 486 446 484 422 
17.0293863659 484 422 471 411 
29.1547594742 511 433 484 422 
26.6833281283 510 416 484 422 
21.2132034356 484 422 481 401 
36.7967389859 509 395 484 422 
-1 
471 411 
15.8113883008 471 411 456 416 
17.0293863659 484 422 471 411 
19.8494332413 471 411 456 398 
14.1421356237 471 411 481 401 
-1 
511 433 
29.1547594742 511 433 484 422 
28.1780056072 486 446 511 433 
24.8394846967 530 417 511 433 
21.9544984001 511 433 530 444 
17.0293863659 511 433 510 416 
-1 
530 444 
27.0 530 444 530 417 
21.9544984001 511 433 530 444 
18.1107702763 512 446 530 444 
38.0 568 444 530 444 
-1 
530 417 
24.8394846967 530 417 511 433 
27.0 530 444 530 417 
20.0249843945 530 417 510 416 
21.0 551 417 530 417 
-1 
512 446 
18.1107702763 512 446 530 444 
26.0 486 446 512 446 
-1 
510 416 
26.6833281283 510 416 484 422 
17.0293863659 511 433 510 416 
20.0249843945 530 417 510 416 
21.0237960416 510 416 509 395 
-1 
551 417 
21.0 551 417 530 417 
31.9061122671 551 417 568 444 
17.4642491966 551 417 568 421 
33.0151480384 551 417 550 384 
-1 
568 444 
38.0 568 444 530 444 
31.9061122671 551 417 568 444 
23.0 568 444 568 421 
15.8113883008 577 431 568 444 
17.4642491966 585 448 568 444 
15.0 577 456 568 444 
-1 
568 421 
17.4642491966 551 417 568 421 
23.0 568 444 568 421 
9.43398113206 576 416 568 421 
13.4536240471 568 421 577 431 
-1 
471 398 
26.2488094968 451 381 471 398 
21.9317121995 487 383 471 398 
7.61577310586 468 391 471 398 
10.8166538264 471 398 477 389 
-1 
456 398 
25.179356624 456 398 481 401 
18.0 456 398 456 416 
19.8494332413 471 411 456 398 
25.179356624 456 398 431 395 
31.9061122671 429 381 456 398 
17.7200451467 451 381 456 398 
-1 
481 401 
25.179356624 456 398 481 401 
14.1421356237 471 411 481 401 
21.2132034356 484 422 481 401 
28.6356421266 509 395 481 401 
18.973665961 487 383 481 401 
38.1837661841 508 374 481 401 
-1 
431 395 
32.6496554346 431 395 456 416 
25.179356624 456 398 431 395 
-1 
509 395 
28.6356421266 509 395 481 401 
21.0237960416 510 416 509 395 
36.7967389859 509 395 484 422 
-1 
429 381 
31.9061122671 429 381 456 398 
32.4499614792 447 354 429 381 
-1 
451 381 
17.7200451467 451 381 456 398 
26.2488094968 451 381 471 398 
27.2946881279 447 354 451 381 
-1 
487 383 
21.9317121995 487 383 471 398 
18.973665961 487 383 481 401 
32.5729949498 497 352 487 383 
63.0079360081 550 384 487 383 
-1 
508 374 
38.1837661841 508 374 481 401 
24.5967477525 497 352 508 374 
20.0997512422 508 374 510 354 
-1 
447 354 
27.2946881279 447 354 451 381 
32.4499614792 447 354 429 381 
22.4722050542 447 354 428 366 
50.0399840128 497 352 447 354 
19.0 466 354 447 354 
23.0217288664 466 341 447 354 
21.0950231097 449 333 447 354 
16.2788205961 447 354 431 351 
18.8679622641 447 354 437 338 
-1 
428 366 
22.4722050542 447 354 428 366 
5.0 428 361 428 366 
-1 
497 352 
24.5967477525 497 352 508 374 
32.5729949498 497 352 487 383 
50.0399840128 497 352 447 354 
19.1049731745 497 352 478 354 
25.495097568 497 352 474 341 
21.5870331449 492 331 497 352 
13.152946438 510 354 497 352 
16.1245154966 505 338 497 352 
-1 
466 354 
19.0 466 354 447 354 
37.0540146273 466 354 468 391 
13.0 466 354 466 341 
-1 
478 354 
19.1049731745 497 352 478 354 
35.0142828 477 389 478 354 
13.6014705087 478 354 474 341 
-1 
468 391 
7.61577310586 468 391 471 398 
37.0540146273 466 354 468 391 
-1 
477 389 
10.8166538264 471 398 477 389 
35.0142828 477 389 478 354 
-1 
474 341 
8.0 474 341 466 341 
13.6014705087 478 354 474 341 
25.495097568 497 352 474 341 
8.24621125124 476 333 474 341 
-1 
466 341 
8.0 474 341 466 341 
13.0 466 354 466 341 
23.0217288664 466 341 447 354 
8.0622577483 466 341 467 333 
-1 
467 333 
8.0622577483 466 341 467 333 
9.0 467 333 476 333 
18.0 467 333 449 333 
27.0185121722 450 312 467 333 
8.94427191 471 325 467 333 
-1 
476 333 
8.24621125124 476 333 474 341 
9.0 467 333 476 333 
16.1245154966 492 331 476 333 
24.5967477525 476 333 487 311 
9.43398113206 476 333 471 325 
-1 
449 333 
18.0 467 333 449 333 
21.0950231097 449 333 447 354 
13.0 449 333 437 338 
21.0237960416 450 312 449 333 
-1 
492 331 
16.1245154966 492 331 476 333 
21.5870331449 492 331 497 352 
14.7648230602 505 338 492 331 
15.0 507 331 492 331 
20.6155281281 492 331 487 311 
-1 
510 354 
20.0997512422 508 374 510 354 
13.152946438 510 354 497 352 
16.7630546142 510 354 505 338 
22.0907220344 510 354 532 356 
21.2602916255 526 340 510 354 
-1 
505 338 
16.1245154966 505 338 497 352 
16.7630546142 510 354 505 338 
14.7648230602 505 338 492 331 
7.28010988928 505 338 507 331 
32.4499614792 505 338 532 356 
-1 
437 338 
14.3178210633 431 351 437 338 
18.8679622641 447 354 437 338 
13.0 449 333 437 338 
10.4403065089 437 338 434 328 
-1 
431 351 
10.4403065089 428 361 431 351 
12.1655250606 419 353 431 351 
16.2788205961 447 354 431 351 
14.3178210633 431 351 437 338 
-1 
419 353 
12.0415945788 428 361 419 353 
12.1655250606 419 353 431 351 
15.0332963784 419 353 404 352 
29.4108823397 419 353 395 370 
19.2353840617 410 336 419 353 
-1 
428 361 
5.0 428 361 428 366 
12.0415945788 428 361 419 353 
10.4403065089 428 361 431 351 
-1 
507 331 
15.0 507 331 492 331 
7.28010988928 505 338 507 331 
28.2842712475 487 311 507 331 
18.4390889146 507 331 503 313 
19.8494332413 507 331 522 318 
-1 
450 312 
21.0237960416 450 312 449 333 
22.627416998 450 312 434 328 
15.0 450 312 435 312 
27.0185121722 450 312 467 333 
21.0237960416 471 311 450 312 
27.5862284483 470 293 450 312 
25.3179778023 454 287 450 312 
-1 
434 328 
10.4403065089 437 338 434 328 
22.627416998 450 312 434 328 
16.0312195419 434 328 435 312 
-1 
435 312 
16.0312195419 434 328 435 312 
15.0 450 312 435 312 
38.0525951809 435 312 397 310 
25.079872408 435 312 412 322 
-1 
487 311 
20.6155281281 492 331 487 311 
24.5967477525 476 333 487 311 
16.0 487 311 471 311 
24.7588368063 487 311 470 293 
28.2842712475 487 311 507 331 
16.1245154966 503 313 487 311 
20.6155281281 487 311 492 291 
-1 
471 311 
21.0237960416 471 311 450 312 
16.0 487 311 471 311 
14.0 471 311 471 325 
18.0277563773 471 311 470 293 
-1 
471 325 
8.94427191 471 325 467 333 
9.43398113206 476 333 471 325 
14.0 471 311 471 325 
-1 
470 293 
18.0277563773 471 311 470 293 
27.5862284483 470 293 450 312 
24.7588368063 487 311 470 293 
12.5299640861 470 293 481 287 
17.0880074906 470 293 454 287 
-1 
503 313 
16.1245154966 503 313 487 311 
18.4390889146 507 331 503 313 
22.6715680975 518 296 503 313 
-1 
522 318 
19.8494332413 507 331 522 318 
24.0208242989 546 317 522 318 
22.360679775 522 318 518 296 
-1 
481 287 
12.5299640861 470 293 481 287 
11.7046999107 492 291 481 287 
13.8924439894 481 287 488 275 
-1 
454 287 
17.0880074906 470 293 454 287 
25.3179778023 454 287 450 312 
23.7065391823 454 287 443 266 
-1 
492 291 
11.7046999107 492 291 481 287 
20.6155281281 487 311 492 291 
23.6008474424 506 272 492 291 
16.4924225025 492 291 488 275 
-1 
532 356 
17.0880074906 532 356 526 340 
22.0907220344 510 354 532 356 
32.4499614792 505 338 532 356 
33.2866339542 550 384 532 356 
20.6155281281 548 343 532 356 
-1 
526 340 
17.0880074906 532 356 526 340 
21.2602916255 526 340 510 354 
-1 
550 384 
33.2866339542 550 384 532 356 
63.0079360081 550 384 487 383 
33.0151480384 551 417 550 384 
41.0487515035 550 384 548 343 
-1 
548 343 
20.6155281281 548 343 532 356 
41.0487515035 550 384 548 343 
26.0768096208 548 343 546 317 
14.0356688476 548 343 549 329 
-1 
546 317 
24.0208242989 546 317 522 318 
26.0768096208 548 343 546 317 
17.691806013 559 305 546 317 
12.3693168769 546 317 549 329 
-1 
613 328 
33.9705755029 590 303 613 328 
64.0078120232 613 328 549 329 
54.0 613 328 613 382 
8.48528137424 619 322 613 328 
-1 
549 329 
14.0356688476 548 343 549 329 
12.3693168769 546 317 549 329 
64.0078120232 613 328 549 329 
-1 
518 296 
22.6715680975 518 296 503 313 
22.360679775 522 318 518 296 
41.9761837236 559 305 518 296 
16.4924225025 522 280 518 296 
26.83281573 518 296 506 272 
-1 
522 280 
16.4924225025 522 280 518 296 
8.54400374532 522 280 525 272 
-1 
506 272 
26.83281573 518 296 506 272 
19.0 506 272 525 272 
23.6008474424 506 272 492 291 
18.2482875909 506 272 488 275 
20.2484567313 506 272 499 253 
23.0217288664 519 253 506 272 
-1 
525 272 
19.0 506 272 525 272 
8.54400374532 522 280 525 272 
32.2024843762 525 272 499 253 
19.9248588452 525 272 519 253 
-1 
488 275 
13.8924439894 481 287 488 275 
18.2482875909 506 272 488 275 
16.4924225025 492 291 488 275 
-1 
519 253 
23.0217288664 519 253 506 272 
19.9248588452 525 272 519 253 
20.0 499 253 519 253 
-1 
499 253 
20.2484567313 506 272 499 253 
32.2024843762 525 272 499 253 
20.0 499 253 519 253 
29.4108823397 471 244 499 253 
-1 
352 392 
25.079872408 354 417 352 392 
38.2099463491 356 354 352 392 
17.1172427686 352 392 354 375 
-1 
356 354 
38.2099463491 356 354 352 392 
18.2482875909 374 351 356 354 
21.0950231097 356 354 354 375 
31.6227766017 356 354 374 380 
35.3553390593 356 354 373 323 
31.0161248385 357 323 356 354 
-1 
374 351 
30.0166620396 374 351 404 352 
18.2482875909 374 351 356 354 
31.2409987036 374 351 354 375 
15.0332963784 374 351 375 366 
28.319604517 374 351 395 370 
28.0178514522 374 351 373 323 
32.7566787083 357 323 374 351 
26.9072480941 392 331 374 351 
-1 
404 352 
15.0332963784 419 353 404 352 
30.0166620396 374 351 404 352 
17.4642491966 404 352 408 369 
17.0880074906 410 336 404 352 
-1 
374 380 
20.6155281281 374 380 354 375 
31.6227766017 356 354 374 380 
14.0356688476 375 366 374 380 
23.2594066992 374 380 395 370 
18.4390889146 374 380 392 384 
-1 
354 375 
17.1172427686 352 392 354 375 
21.0950231097 356 354 354 375 
20.6155281281 374 380 354 375 
31.2409987036 374 351 354 375 
-1 
375 366 
14.0356688476 375 366 374 380 
15.0332963784 374 351 375 366 
1.41421356237 375 366 374 367 
20.3960780544 395 370 375 366 
-1 
374 367 
1.41421356237 375 366 374 367 
-1 
395 370 
20.3960780544 395 370 375 366 
29.4108823397 419 353 395 370 
28.319604517 374 351 395 370 
23.2594066992 374 380 395 370 
17.0293863659 395 370 406 383 
13.0384048104 395 370 408 369 
-1 
392 384 
14.0356688476 406 383 392 384 
18.4390889146 374 380 392 384 
-1 
406 383 
14.0356688476 406 383 392 384 
17.0293863659 395 370 406 383 
14.1421356237 408 369 406 383 
-1 
408 369 
13.0384048104 395 370 408 369 
14.1421356237 408 369 406 383 
17.4642491966 404 352 408 369 
-1 
357 323 
31.0161248385 357 323 356 354 
16.0 373 323 357 323 
32.7566787083 357 323 374 351 
26.0192236625 357 323 358 297 
-1 
373 323 
35.3553390593 356 354 373 323 
16.0 373 323 357 323 
28.0178514522 374 351 373 323 
20.6155281281 373 323 392 331 
27.2946881279 373 323 397 310 
30.0166620396 373 323 358 297 
-1 
392 331 
26.9072480941 392 331 374 351 
20.6155281281 373 323 392 331 
18.6815416923 392 331 410 336 
21.9317121995 412 322 392 331 
21.5870331449 397 310 392 331 
-1 
410 336 
19.2353840617 410 336 419 353 
17.0880074906 410 336 404 352 
18.6815416923 392 331 410 336 
14.1421356237 410 336 412 322 
-1 
397 310 
21.5870331449 397 310 392 331 
27.2946881279 373 323 397 310 
38.0525951809 435 312 397 310 
-1 
412 322 
14.1421356237 410 336 412 322 
21.9317121995 412 322 392 331 
25.079872408 435 312 412 322 
-1 
275 248 
2.82842712475 275 248 273 250 
-1 
283 266 
-1 
273 250 
2.82842712475 275 248 273 250 
-1 
273 250 
2.82842712475 275 248 273 250 
-1 
470 460 
21.2602916255 470 460 486 446 
19.8494332413 470 460 455 447 
17.8044938148 456 471 470 460 
16.4012194669 483 470 470 460 
-1 
53 25 
-1 
455 447 
19.8494332413 470 460 455 447 
5.38516480713 457 442 455 447 
24.0208242989 456 471 455 447 
0 447 451 455 447 
-1 
456 471 
24.0208242989 456 471 455 447 
17.8044938148 456 471 470 460 
8.60232526704 461 478 456 471 
7.07106781187 456 471 455 478 
-1 
455 478 
7.07106781187 456 471 455 478 
13.0384048104 455 478 456 491 
0 455 478 448 478 
-1 
461 478 
8.60232526704 461 478 456 471 
14.1421356237 461 478 475 476 
-1 
475 476 
14.1421356237 461 478 475 476 
10.0 483 470 475 476 
-1 
474 475 
10.7703296143 474 475 484 479 
-1 
483 470 
10.0 483 470 475 476 
16.4012194669 483 470 470 460 
24.1867732449 483 470 486 446 
9.05538513814 484 479 483 470 
-1 
484 479 
10.7703296143 474 475 484 479 
9.05538513814 484 479 483 470 
10.0 484 479 494 479 
10.0498756211 483 489 484 479 
-1 
494 479 
10.0 484 479 494 479 
14.8660687473 483 489 494 479 
12.0415945788 493 491 494 479 
-1 
483 489 
10.0498756211 483 489 484 479 
14.8660687473 483 489 494 479 
10.1980390272 493 491 483 489 
19.2093727123 495 504 483 489 
18.0277563773 484 507 483 489 
-1 
491 479 
-1 
493 491 
10.1980390272 493 491 483 489 
12.0415945788 493 491 494 479 
13.152946438 493 491 495 504 
-1 
514 491 
13.0 514 504 514 491 
-1 
514 504 
19.0 514 504 495 504 
13.0 514 504 514 491 
15.1327459504 529 506 514 504 
-1 
495 504 
19.2093727123 495 504 483 489 
13.152946438 493 491 495 504 
19.0 514 504 495 504 
11.401754251 495 504 484 507 
-1 
484 507 
18.0277563773 484 507 483 489 
11.401754251 495 504 484 507 
-1 
529 499 
14.0356688476 515 500 529 499 
7.0 529 499 529 506 
-1 
529 506 
15.1327459504 529 506 514 504 
7.0 529 499 529 506 
24.0 529 506 529 530 
21.400934559 542 523 529 506 
-1 
515 500 
14.0356688476 515 500 529 499 
-1 
530 716 
28.6356421266 542 690 530 716 
48.0 530 668 530 716 
28.0713376952 558 714 530 716 
0 531 731 530 716 
-1 
529 530 
24.0 529 506 529 530 
16.0312195419 529 530 530 546 
-1 
530 546 
16.0312195419 529 530 530 546 
13.0384048104 530 546 529 559 
27.8567765544 556 536 530 546 
27.4590604355 530 546 557 551 
23.8537208838 543 566 530 546 
-1 
529 559 
13.0384048104 530 546 529 559 
10.0498756211 529 559 530 569 
-1 
530 569 
10.0498756211 529 559 530 569 
11.0 530 569 530 580 
-1 
530 580 
11.0 530 569 530 580 
8.0622577483 530 580 529 588 
19.1049731745 543 566 530 580 
27.0185121722 557 579 530 580 
-1 
529 588 
8.0622577483 530 580 529 588 
36.0138862107 529 588 528 624 
28.4429253067 557 593 529 588 
23.6008474424 543 607 529 588 
-1 
528 624 
36.0138862107 529 588 528 624 
44.0454310911 528 624 530 668 
22.6715680975 543 607 528 624 
30.0 558 624 528 624 
21.9317121995 543 640 528 624 
-1 
530 668 
44.0454310911 528 624 530 668 
30.8706980809 543 640 530 668 
16.1245154966 544 660 530 668 
25.0599281723 530 668 542 690 
48.0 530 668 530 716 
27.0185121722 557 667 530 668 
-1 
558 624 
22.6715680975 543 607 558 624 
30.0 558 624 528 624 
31.0161248385 558 624 557 593 
43.0116263352 558 624 557 667 
21.9317121995 558 624 543 640 
-1 
557 593 
28.4429253067 557 593 529 588 
19.7989898732 543 607 557 593 
31.0161248385 558 624 557 593 
-1 
557 579 
19.1049731745 543 566 557 579 
27.0185121722 557 579 530 580 
15.1327459504 557 579 555 594 
12.1655250606 557 579 559 591 
17.691806013 570 591 557 579 
28.0 557 551 557 579 
-1 
557 551 
27.4590604355 530 546 557 551 
20.5182845287 557 551 543 566 
15.0332963784 556 536 557 551 
28.0 557 551 557 579 
0 569 551 557 551 
-1 
556 536 
19.1049731745 556 536 542 523 
27.8567765544 556 536 530 546 
30.0166620396 556 536 557 506 
15.0332963784 556 536 557 551 
-1 
557 506 
22.6715680975 542 523 557 506 
30.0166620396 556 536 557 506 
11.1803398875 568 504 557 506 
-1 
542 523 
21.400934559 542 523 529 506 
22.6715680975 542 523 557 506 
17.8044938148 542 523 531 537 
19.1049731745 556 536 542 523 
-1 
543 566 
20.5182845287 557 551 543 566 
23.8537208838 543 566 530 546 
19.1049731745 543 566 557 579 
19.1049731745 543 566 530 580 
-1 
543 607 
23.6008474424 543 607 529 588 
22.6715680975 543 607 528 624 
19.7989898732 543 607 557 593 
22.6715680975 543 607 558 624 
-1 
543 640 
21.9317121995 543 640 528 624 
30.8706980809 543 640 530 668 
21.9317121995 558 624 543 640 
30.4138126515 557 667 543 640 
-1 
544 660 
22.0227155455 558 643 544 660 
26.6270539114 544 660 529 638 
16.1245154966 544 660 530 668 
-1 
557 667 
43.0116263352 558 624 557 667 
30.4138126515 557 667 543 640 
27.4590604355 557 667 542 690 
47.0106370942 557 667 558 714 
27.0185121722 557 667 530 668 
-1 
558 714 
47.0106370942 557 667 558 714 
28.0713376952 558 714 530 716 
28.8444102037 558 714 542 690 
0 559 732 558 714 
-1 
531 537 
17.8044938148 542 523 531 537 
-1 
555 594 
15.1327459504 557 579 555 594 
-1 
559 591 
12.1655250606 557 579 559 591 
15.2643375225 559 591 567 578 
-1 
570 591 
17.691806013 570 591 557 579 
13.3416640641 567 578 570 591 
32.0 602 591 570 591 
-1 
567 578 
15.2643375225 559 591 567 578 
13.3416640641 567 578 570 591 
0 567 578 568 504 
0 567 578 567 516 
20.6155281281 567 578 587 583 
0 567 578 569 571 
-1 
558 643 
22.0227155455 558 643 544 660 
-1 
544 660 
22.0227155455 558 643 544 660 
26.6270539114 544 660 529 638 
16.1245154966 544 660 530 668 
-1 
529 638 
26.6270539114 544 660 529 638 
-1 
542 690 
25.0599281723 530 668 542 690 
28.6356421266 542 690 530 716 
27.4590604355 557 667 542 690 
28.8444102037 558 714 542 690 
-1 
568 504 
11.1803398875 568 504 557 506 
18.0 586 504 568 504 
0 567 578 568 504 
-1 
586 504 
18.0 586 504 568 504 
21.2132034356 607 501 586 504 
-1 
568 496 
14.1421356237 568 496 554 498 
17.0293863659 585 497 568 496 
-1 
585 497 
12.1655250606 587 485 585 497 
17.0293863659 585 497 568 496 
22.360679775 607 501 585 497 
-1 
569 484 
-1 
587 485 
12.1655250606 587 485 585 497 
-1 
554 498 
14.1421356237 568 496 554 498 
-1 
567 468 
15.6204993518 577 456 567 468 
-1 
586 468 
-1 
585 448 
29.0688837075 587 419 585 448 
18.7882942281 577 431 585 448 
17.4642491966 585 448 568 444 
-1 
577 456 
15.0 577 456 568 444 
15.6204993518 577 456 567 468 
-1 
587 419 
11.401754251 576 416 587 419 
45.2216762184 613 382 587 419 
29.0688837075 587 419 585 448 
15.6204993518 577 431 587 419 
-1 
577 431 
18.7882942281 577 431 585 448 
15.8113883008 577 431 568 444 
15.6204993518 577 431 587 419 
13.4536240471 568 421 577 431 
-1 
576 416 
12.0415945788 577 404 576 416 
9.43398113206 576 416 568 421 
11.401754251 576 416 587 419 
-1 
577 404 
12.0415945788 577 404 576 416 
-1 
613 382 
45.2216762184 613 382 587 419 
54.0 613 328 613 382 
18.0277563773 612 364 613 382 
7.81024967591 618 388 613 382 
-1 
612 364 
49.3963561409 654 338 612 364 
18.0277563773 612 364 613 382 
25.7099202644 618 339 612 364 
46.0434577329 658 366 612 364 
-1 
654 338 
49.3963561409 654 338 612 364 
15.0 654 338 639 338 
22.2036033112 654 338 676 341 
-1 
639 338 
24.4131112315 639 338 625 318 
25.6124969497 639 338 619 322 
20.0 651 322 639 338 
21.0237960416 639 338 618 339 
15.0 654 338 639 338 
33.8378486314 658 366 639 338 
-1 
619 305 
17.0 619 322 619 305 
34.0147027034 653 304 619 305 
18.3847763109 636 312 619 305 
14.3178210633 619 305 625 318 
30.0665927567 619 305 617 275 
-1 
625 318 
7.21110255093 619 322 625 318 
12.5299640861 625 318 636 312 
14.3178210633 619 305 625 318 
24.4131112315 639 338 625 318 
-1 
619 322 
17.0293863659 619 322 618 339 
8.48528137424 619 322 613 328 
7.21110255093 619 322 625 318 
17.0 619 322 619 305 
8.0622577483 627 323 619 322 
25.6124969497 639 338 619 322 
-1 
651 322 
18.1107702763 653 304 651 322 
18.0277563773 636 312 651 322 
24.0208242989 651 322 627 323 
20.0 651 322 639 338 
-1 
653 304 
18.7882942281 636 312 653 304 
34.0147027034 653 304 619 305 
18.1107702763 653 304 651 322 
18.7882942281 653 304 636 312 
21.0237960416 653 304 652 283 
-1 
636 312 
12.5299640861 625 318 636 312 
18.7882942281 636 312 653 304 
18.7882942281 653 304 636 312 
18.0277563773 636 312 651 322 
18.3847763109 636 312 619 305 
-1 
618 339 
25.7099202644 618 339 612 364 
17.0293863659 619 322 618 339 
21.0237960416 639 338 618 339 
-1 
627 323 
24.0208242989 651 322 627 323 
8.0622577483 627 323 619 322 
-1 
632 334 
-1 
658 366 
33.8378486314 658 366 639 338 
46.0434577329 658 366 612 364 
17.0 675 366 658 366 
29.206163733 676 389 658 366 
-1 
675 366 
17.0 675 366 658 366 
23.0217288664 676 389 675 366 
14.0 675 366 689 366 
25.0199920064 675 366 676 341 
-1 
676 389 
29.206163733 676 389 658 366 
23.0217288664 676 389 675 366 
58.0086200491 618 388 676 389 
35.0 676 424 676 389 
14.1421356237 690 387 676 389 
34.7850542619 687 422 676 389 
-1 
618 388 
7.81024967591 618 388 613 382 
58.0086200491 618 388 676 389 
62.8171950982 633 449 618 388 
-1 
676 424 
35.0 676 424 676 389 
10.4403065089 676 424 666 421 
31.0 676 455 676 424 
11.1803398875 687 422 676 424 
-1 
666 421 
10.4403065089 676 424 666 421 
18.973665961 666 421 660 439 
-1 
676 455 
31.0 676 455 676 424 
22.627416998 676 455 660 439 
14.0356688476 690 456 676 455 
82.9276793357 607 501 676 455 
-1 
660 439 
18.973665961 666 421 660 439 
22.627416998 676 455 660 439 
-1 
676 341 
22.2036033112 654 338 676 341 
13.0384048104 689 340 676 341 
25.0199920064 675 366 676 341 
-1 
689 340 
13.0384048104 689 340 676 341 
29.0172362571 689 340 718 339 
26.0 689 340 689 366 
-1 
718 339 
29.0172362571 689 340 718 339 
26.0192236625 718 339 717 365 
0 718 339 710 322 
21.0950231097 718 339 739 341 
-1 
689 366 
14.0 675 366 689 366 
26.0 689 340 689 366 
28.0178514522 717 365 689 366 
21.0237960416 690 387 689 366 
-1 
717 365 
28.0178514522 717 365 689 366 
26.0192236625 718 339 717 365 
21.2132034356 717 365 720 386 
-1 
690 387 
14.1421356237 690 387 676 389 
21.0237960416 690 387 689 366 
35.1283361405 690 387 687 422 
11.0453610172 701 388 690 387 
-1 
687 422 
11.1803398875 687 422 676 424 
35.1283361405 690 387 687 422 
34.7850542619 687 422 676 389 
34.1320963318 690 456 687 422 
34.9284983931 701 454 687 422 
13.0384048104 700 423 687 422 
-1 
690 456 
14.0356688476 690 456 676 455 
34.1320963318 690 456 687 422 
11.1803398875 701 454 690 456 
-1 
701 454 
34.9284983931 701 454 687 422 
11.1803398875 701 454 690 456 
31.0161248385 700 423 701 454 
31.7804971641 730 467 701 454 
-1 
652 283 
21.0237960416 653 304 652 283 
43.8406204336 683 252 652 283 
43.8406204336 652 283 683 252 
56.0802995712 708 280 652 283 
33.1360830516 655 250 652 283 
-1 
683 252 
43.8406204336 683 252 652 283 
43.8406204336 652 283 683 252 
37.5366487582 708 280 683 252 
28.0713376952 683 252 655 250 
22.360679775 705 248 683 252 
17.0293863659 683 252 682 235 
-1 
708 280 
37.5366487582 708 280 683 252 
56.0802995712 708 280 652 283 
32.14031736 705 248 708 280 
-1 
655 250 
28.0713376952 683 252 655 250 
33.1360830516 655 250 652 283 
-1 
705 248 
22.360679775 705 248 683 252 
32.14031736 705 248 708 280 
-1 
682 235 
17.0293863659 683 252 682 235 
39.0128184063 682 235 643 236 
22.0227155455 682 235 681 213 
-1 
643 236 
39.0128184063 682 235 643 236 
16.2788205961 643 236 632 224 
36.7695526217 643 236 617 262 
-1 
681 213 
22.0227155455 682 235 681 213 
32.4499614792 681 213 663 186 
5.38516480713 679 218 681 213 
29.0172362571 710 214 681 213 
30.4630924235 693 185 681 213 
25.0199920064 682 188 681 213 
-1 
682 188 
19.1049731745 663 186 682 188 
12.0 682 188 682 176 
11.401754251 693 185 682 188 
25.0199920064 682 188 681 213 
-1 
682 176 
11.1803398875 682 176 671 174 
9.8488578018 691 172 682 176 
12.0 682 188 682 176 
39.0128184063 681 137 682 176 
-1 
671 174 
11.1803398875 682 176 671 174 
-1 
663 186 
32.4499614792 681 213 663 186 
33.2415402772 663 186 654 218 
19.1049731745 663 186 682 188 
-1 
693 185 
11.401754251 693 185 682 188 
17.0293863659 710 184 693 185 
20.5182845287 707 200 693 185 
30.4630924235 693 185 681 213 
-1 
691 172 
9.8488578018 691 172 682 176 
-1 
681 137 
39.0128184063 681 137 682 176 
52.0096144958 682 85 681 137 
-1 
710 184 
17.0293863659 710 184 693 185 
-1 
707 200 
14.3178210633 710 214 707 200 
20.5182845287 707 200 693 185 
-1 
654 218 
33.2415402772 663 186 654 218 
25.0 654 218 679 218 
-1 
679 218 
25.0 654 218 679 218 
5.38516480713 679 218 681 213 
-1 
650 221 
-1 
710 214 
29.0172362571 710 214 681 213 
14.3178210633 710 214 707 200 
-1 
675 170 
-1 
607 486 
15.0 607 501 607 486 
-1 
607 501 
15.0 607 501 607 486 
82.9276793357 607 501 676 455 
21.2132034356 607 501 586 504 
22.360679775 607 501 585 497 
19.0262975904 607 501 608 520 
-1 
567 516 
0 567 578 567 516 
-1 
573 507 
-1 
587 583 
20.6155281281 567 578 587 583 
9.21954445729 587 583 589 592 
11.401754251 598 580 587 583 
17.0 587 583 602 591 
0 587 583 585 569 
-1 
589 592 
9.21954445729 587 583 589 592 
15.0 598 580 589 592 
-1 
598 580 
11.401754251 598 580 587 583 
15.0 598 580 589 592 
11.7046999107 598 580 602 591 
20.0997512422 600 560 598 580 
-1 
602 591 
32.0 602 591 570 591 
17.0 587 583 602 591 
11.7046999107 598 580 602 591 
-1 
600 560 
20.0997512422 600 560 598 580 
9.89949493661 600 560 593 553 
8.0622577483 600 560 604 553 
-1 
604 553 
8.0622577483 600 560 604 553 
11.0 604 553 593 553 
15.0 604 538 604 553 
-1 
593 553 
9.89949493661 600 560 593 553 
11.0 604 553 593 553 
-1 
604 538 
15.0 604 538 604 553 
10.0 604 538 594 538 
18.4390889146 608 520 604 538 
-1 
594 538 
10.0 604 538 594 538 
-1 
608 520 
18.4390889146 608 520 604 538 
19.0262975904 607 501 608 520 
-1 
456 491 
24.0831891576 456 491 432 489 
13.0384048104 455 478 456 491 
14.5602197786 456 491 452 505 
32.7566787083 456 491 428 508 
-1 
432 489 
13.0384048104 419 490 432 489 
24.0831891576 456 491 432 489 
-1 
419 490 
13.0 406 490 419 490 
13.0384048104 419 490 432 489 
44.0113621693 418 446 419 490 
0 425 475 419 490 
-1 
406 490 
31.064449134 375 492 406 490 
13.0 406 490 419 490 
17.1172427686 406 490 408 507 
32.2490309932 406 490 378 506 
-1 
375 492 
25.0 350 492 375 492 
31.064449134 375 492 406 490 
14.3178210633 378 506 375 492 
0 354 484 375 492 
-1 
350 492 
25.0199920064 350 492 325 493 
25.0 350 492 375 492 
0 354 484 350 492 
-1 
325 493 
14.0 325 493 311 493 
25.0199920064 350 492 325 493 
20.3960780544 329 513 325 493 
-1 
311 493 
17.691806013 311 493 298 481 
14.0 311 493 311 479 
14.0 325 493 311 493 
44.1021541424 311 493 267 490 
-1 
298 481 
17.691806013 311 493 298 481 
13.152946438 311 479 298 481 
-1 
311 479 
14.0 311 493 311 479 
13.152946438 311 479 298 481 
-1 
267 490 
44.1021541424 311 493 267 490 
24.0831891576 269 514 267 490 
23.6008474424 267 490 248 476 
-1 
269 514 
24.0831891576 269 514 267 490 
30.1496268634 269 514 299 517 
19.2353840617 278 531 269 514 
75.2396172239 269 514 239 583 
-1 
278 531 
19.2353840617 278 531 269 514 
27.0739727414 305 529 278 531 
55.3624421427 297 583 278 531 
-1 
299 517 
30.1496268634 269 514 299 517 
13.416407865 305 529 299 517 
30.2654919008 329 513 299 517 
-1 
329 513 
30.2654919008 329 513 299 517 
20.3960780544 329 513 325 493 
8.24621125124 329 513 327 521 
-1 
305 529 
13.416407865 305 529 299 517 
27.0739727414 305 529 278 531 
23.4093998214 327 521 305 529 
-1 
327 521 
8.24621125124 329 513 327 521 
8.0622577483 327 521 334 517 
23.4093998214 327 521 305 529 
-1 
334 517 
8.0622577483 327 521 334 517 
28.0 334 545 334 517 
22.4722050542 346 536 334 517 
34.0147027034 368 518 334 517 
-1 
334 545 
15.0 346 536 334 545 
28.0 334 545 334 517 
-1 
346 536 
15.0 346 536 334 545 
22.4722050542 346 536 334 517 
28.4253408071 368 518 346 536 
26.3058928759 346 536 350 562 
25.0199920064 371 537 346 536 
-1 
368 518 
34.0147027034 368 518 334 517 
28.4253408071 368 518 346 536 
15.6204993518 378 506 368 518 
19.2353840617 371 537 368 518 
-1 
378 506 
15.6204993518 378 506 368 518 
14.3178210633 378 506 375 492 
32.2490309932 406 490 378 506 
-1 
387 516 
13.4536240471 377 507 387 516 
13.0 399 521 387 516 
26.4007575649 387 516 371 537 
22.8473193176 408 507 387 516 
-1 
399 521 
13.9283882772 404 534 399 521 
13.0 399 521 387 516 
16.6433169771 408 507 399 521 
-1 
404 534 
11.1803398875 406 545 404 534 
13.9283882772 404 534 399 521 
-1 
350 562 
26.3058928759 346 536 350 562 
14.0 350 562 350 576 
16.0312195419 366 563 350 562 
-1 
350 576 
22.360679775 350 576 328 580 
14.0 350 562 350 576 
41.0 391 576 350 576 
-1 
366 563 
16.0312195419 366 563 350 562 
-1 
371 537 
26.4007575649 387 516 371 537 
19.2353840617 371 537 368 518 
25.0199920064 371 537 346 536 
-1 
382 551 
20.0249843945 382 551 383 571 
-1 
383 571 
9.43398113206 391 576 383 571 
15.5563491861 394 560 383 571 
20.0249843945 382 551 383 571 
-1 
391 576 
9.43398113206 391 576 383 571 
29.1547594742 420 579 391 576 
41.0 391 576 350 576 
-1 
394 560 
15.5563491861 394 560 383 571 
-1 
406 545 
12.0415945788 418 544 406 545 
12.6491106407 410 557 406 545 
11.1803398875 406 545 404 534 
-1 
410 557 
14.3178210633 413 571 410 557 
12.6491106407 410 557 406 545 
-1 
418 544 
12.0415945788 418 544 406 545 
10.0498756211 417 554 418 544 
-1 
417 554 
17.88854382 425 570 417 554 
10.0498756211 417 554 418 544 
-1 
425 570 
12.0415945788 425 570 413 571 
17.88854382 425 570 417 554 
0 430 586 425 570 
-1 
420 579 
29.1547594742 420 579 391 576 
10.6301458127 413 571 420 579 
0 429 613 420 579 
-1 
328 580 
31.1448230048 328 580 297 583 
22.360679775 350 576 328 580 
-1 
297 583 
12.0415945788 297 583 285 582 
55.3624421427 297 583 278 531 
31.1448230048 328 580 297 583 
-1 
285 582 
26.1725046566 285 582 303 563 
12.0415945788 297 583 285 582 
46.0108682813 285 582 239 583 
-1 
303 563 
26.1725046566 285 582 303 563 
-1 
239 583 
46.0108682813 285 582 239 583 
75.2396172239 269 514 239 583 
-1 
429 613 
0 429 613 420 579 
0 429 613 430 586 
0 430 625 429 613 
-1 
430 625 
0 430 625 429 613 
0 430 650 430 625 
0 430 625 392 621 
15.1327459504 445 623 430 625 
0 430 625 424 635 
-1 
383 560 
-1 
413 571 
10.6301458127 413 571 420 579 
12.0415945788 425 570 413 571 
14.3178210633 413 571 410 557 
-1 
408 507 
16.6433169771 408 507 399 521 
22.8473193176 408 507 387 516 
17.1172427686 406 490 408 507 
20.0249843945 428 508 408 507 
-1 
428 508 
20.0249843945 428 508 408 507 
24.1867732449 452 505 428 508 
32.7566787083 456 491 428 508 
-1 
452 505 
24.1867732449 452 505 428 508 
14.5602197786 456 491 452 505 
-1 
720 386 
19.1049731745 720 386 701 388 
21.2132034356 717 365 720 386 
34.0587727319 754 388 720 386 
-1 
700 423 
31.0161248385 700 423 701 454 
13.0384048104 700 423 687 422 
-1 
699 420 
32.0624390838 699 420 701 388 
-1 
185 355 
46.0651712251 185 355 144 334 
30.8706980809 213 368 185 355 
-1 
617 275 
30.0665927567 619 305 617 275 
30.6757233004 588 265 617 275 
13.0 617 275 617 262 
-1 
617 222 
30.0166620396 617 222 587 223 
40.0 617 222 617 262 
15.1327459504 632 224 617 222 
36.4965751818 623 186 617 222 
-1 
617 262 
29.1547594742 588 265 617 262 
40.0 617 222 617 262 
13.0 617 275 617 262 
36.7695526217 643 236 617 262 
-1 
632 224 
15.1327459504 632 224 617 222 
16.2788205961 643 236 632 224 
-1 
443 266 
23.7065391823 454 287 443 266 
14.3178210633 449 253 443 266 
-1 
449 253 
14.3178210633 449 253 443 266 
9.48683298051 458 250 449 253 
-1 
458 250 
9.48683298051 458 250 449 253 
14.3178210633 471 244 458 250 
-1 
471 244 
14.3178210633 471 244 458 250 
29.4108823397 471 244 499 253 
31.1448230048 468 213 471 244 
-1 
481 247 
36.4005494464 468 213 481 247 
28.231188427 492 221 481 247 
-1 
468 213 
36.4005494464 468 213 481 247 
31.1448230048 468 213 471 244 
13.152946438 470 200 468 213 
-1 
470 200 
13.152946438 470 200 468 213 
12.0415945788 470 200 458 199 
18.4390889146 470 200 456 188 
11.0453610172 470 200 471 189 
18.1107702763 488 198 470 200 
-1 
458 199 
12.0415945788 470 200 458 199 
11.1803398875 458 199 456 188 
-1 
456 188 
18.4390889146 470 200 456 188 
11.1803398875 458 199 456 188 
15.0332963784 471 189 456 188 
-1 
471 189 
15.0332963784 471 189 456 188 
11.0453610172 470 200 471 189 
-1 
488 198 
14.3178210633 494 211 488 198 
18.1107702763 488 198 470 200 
5.0 493 198 488 198 
-1 
493 198 
13.0384048104 494 211 493 198 
5.0 493 198 488 198 
22.0227155455 493 198 494 176 
13.0 506 198 493 198 
-1 
494 211 
10.1980390272 492 221 494 211 
14.3178210633 494 211 488 198 
13.0384048104 494 211 493 198 
12.8062484749 502 221 494 211 
-1 
492 221 
28.231188427 492 221 481 247 
10.1980390272 492 221 494 211 
-1 
502 221 
12.8062484749 502 221 494 211 
15.1327459504 517 223 502 221 
14.8660687473 513 211 502 221 
-1 
494 176 
22.0227155455 493 198 494 176 
-1 
506 198 
13.0 506 198 493 198 
-1 
513 211 
14.8660687473 513 211 502 221 
-1 
88 293 
35.2278299076 88 293 84 328 
43.0116263352 131 294 88 293 
-1 
84 328 
60.2992537267 144 334 84 328 
35.2278299076 88 293 84 328 
-1 
144 334 
60.2992537267 144 334 84 328 
42.0594816896 144 334 131 294 
46.0651712251 185 355 144 334 
-1 
131 294 
43.0116263352 131 294 88 293 
42.0594816896 144 334 131 294 
-1 
213 368 
30.8706980809 213 368 185 355 
45.5411901469 258 361 213 368 
12.0830459736 213 368 218 379 
-1 
258 361 
45.5411901469 258 361 213 368 
30.4630924235 258 361 286 349 
-1 
286 349 
30.4630924235 258 361 286 349 
88.8144132447 358 297 286 349 
10.0 294 355 286 349 
-1 
358 297 
88.8144132447 358 297 286 349 
60.0166643525 369 238 358 297 
30.0166620396 373 323 358 297 
26.0192236625 357 323 358 297 
-1 
369 238 
60.0166643525 369 238 358 297 
-1 
314 357 
20.0997512422 314 357 294 355 
26.9258240357 314 357 328 380 
-1 
286 372 
18.7882942281 294 355 286 372 
-1 
294 355 
10.0 294 355 286 349 
18.7882942281 294 355 286 372 
20.0997512422 314 357 294 355 
-1 
328 380 
26.9258240357 314 357 328 380 
11.0 328 380 328 391 
-1 
258 382 
26.0768096208 256 408 258 382 
35.77708764 258 382 226 398 
-1 
256 408 
7.81024967591 256 408 251 414 
34.5253530033 290 414 256 408 
26.0768096208 256 408 258 382 
-1 
218 379 
12.0830459736 213 368 218 379 
13.0 218 379 218 392 
-1 
218 392 
13.0 218 379 218 392 
10.0 226 398 218 392 
24.0 218 416 218 392 
-1 
226 398 
10.0 226 398 218 392 
29.6816441593 251 414 226 398 
35.77708764 258 382 226 398 
-1 
251 414 
29.6816441593 251 414 226 398 
7.81024967591 256 408 251 414 
-1 
218 416 
24.0 218 416 218 392 
28.0 218 444 218 416 
-1 
218 444 
28.0 218 444 218 416 
43.8634243989 248 476 218 444 
-1 
249 478 
-1 
248 476 
43.8634243989 248 476 218 444 
30.8058436015 248 476 273 458 
23.6008474424 267 490 248 476 
-1 
273 458 
30.8058436015 248 476 273 458 
-1 
430 586 
0 430 586 425 570 
0 429 613 430 586 
-1 
430 650 
0 430 650 430 625 
7.07106781187 430 650 429 657 
-1 
392 621 
0 430 625 392 621 
0 384 663 392 621 
-1 
384 663 
0 384 663 392 621 
0 387 668 384 663 
0 395 657 384 663 
5.83095189485 384 663 387 668 
-1 
384 663 
0 384 663 392 621 
0 387 668 384 663 
0 395 657 384 663 
5.83095189485 384 663 387 668 
-1 
395 657 
0 395 657 384 663 
0 395 657 387 668 
21.0 416 657 395 657 
0 406 648 395 657 
-1 
387 668 
0 387 668 384 663 
0 395 657 387 668 
31.0161248385 418 667 387 668 
5.83095189485 384 663 387 668 
-1 
416 657 
13.0 429 657 416 657 
21.0 416 657 395 657 
10.1980390272 418 667 416 657 
0 406 648 416 657 
-1 
429 657 
7.07106781187 430 650 429 657 
13.0 429 657 416 657 
9.05538513814 428 666 429 657 
-1 
418 667 
10.1980390272 418 667 416 657 
31.0161248385 418 667 387 668 
10.0498756211 428 666 418 667 
-1 
428 666 
9.05538513814 428 666 429 657 
10.0498756211 428 666 418 667 
35.0 463 666 428 666 
-1 
463 666 
23.0217288664 464 643 463 666 
35.0 463 666 428 666 
-1 
464 643 
12.0415945788 464 643 452 644 
17.0293863659 463 626 464 643 
23.0217288664 464 643 463 666 
-1 
452 644 
12.0415945788 464 643 452 644 
-1 
463 626 
18.2482875909 463 626 445 623 
17.0293863659 463 626 464 643 
-1 
445 623 
15.1327459504 445 623 430 625 
18.2482875909 463 626 445 623 
-1 
701 388 
11.0453610172 701 388 690 387 
19.1049731745 720 386 701 388 
32.0624390838 699 420 701 388 
-1 
406 648 
0 406 648 395 657 
0 406 648 416 657 
0 424 635 406 648 
-1 
424 635 
0 430 625 424 635 
0 424 635 406 648 
-1 
354 484 
0 354 484 350 492 
0 354 484 375 492 
-1 
353 454 
0 353 454 355 444 
-1 
194 653 
-1 
448 478 
0 448 478 425 475 
0 455 478 448 478 
0 447 451 448 478 
-1 
447 451 
0 447 451 448 478 
0 447 451 455 447 
-1 
425 475 
0 448 478 425 475 
0 425 475 419 490 
-1 
633 449 
33.0 633 482 633 449 
62.8171950982 633 449 618 388 
-1 
633 482 
33.0 633 482 633 449 
51.7880295049 684 473 633 482 
-1 
612 613 
-1 
531 731 
0 547 738 531 731 
0 531 731 530 716 
-1 
559 732 
0 559 732 547 738 
0 559 732 558 714 
-1 
547 738 
0 547 738 531 731 
0 559 732 547 738 
-1 
719 300 
0 708 306 719 300 
18.4390889146 719 300 723 282 
-1 
719 321 
-1 
710 322 
0 718 339 710 322 
0 710 322 659 321 
0 710 322 681 332 
0 682 288 710 322 
0 708 306 710 322 
-1 
708 306 
0 708 306 719 300 
0 708 306 710 322 
-1 
659 321 
0 710 322 659 321 
0 682 288 659 321 
0 659 321 681 332 
-1 
682 288 
0 682 288 659 321 
0 682 288 710 322 
0 682 288 681 332 
-1 
681 332 
0 659 321 681 332 
0 710 322 681 332 
0 682 288 681 332 
-1 
739 341 
21.0950231097 718 339 739 341 
14.0 753 341 739 341 
-1 
753 341 
47.0106370942 753 341 754 388 
14.0 753 341 739 341 
48.1663783152 753 341 789 373 
-1 
754 388 
56.0357029045 752 444 754 388 
47.0106370942 753 341 754 388 
34.0587727319 754 388 720 386 
-1 
752 444 
27.0739727414 752 444 750 471 
56.0357029045 752 444 754 388 
28.1602556807 752 444 780 447 
28.1602556807 780 447 752 444 
-1 
750 471 
20.3960780544 730 467 750 471 
27.0739727414 752 444 750 471 
13.152946438 750 471 752 484 
61.0327780787 811 473 750 471 
-1 
730 467 
31.7804971641 730 467 701 454 
20.3960780544 730 467 750 471 
19.3132079158 730 467 723 485 
-1 
723 282 
20.0 743 282 723 282 
18.4390889146 719 300 723 282 
27.5136329844 732 256 723 282 
-1 
743 282 
20.0 743 282 723 282 
28.231188427 743 282 732 256 
59.2114853723 748 223 743 282 
-1 
732 256 
27.5136329844 732 256 723 282 
36.6742416418 748 223 732 256 
28.231188427 743 282 732 256 
-1 
748 223 
36.6742416418 748 223 732 256 
59.2114853723 748 223 743 282 
9.21954445729 750 214 748 223 
9.21954445729 750 214 748 223 
-1 
731 190 
30.61045573 750 214 731 190 
51.4781507049 752 143 731 190 
-1 
752 143 
51.4781507049 752 143 731 190 
71.0281634283 752 143 750 214 
13.416407865 752 143 758 131 
-1 
750 214 
9.21954445729 750 214 748 223 
30.61045573 750 214 731 190 
71.0281634283 752 143 750 214 
9.21954445729 750 214 748 223 
12.0 762 214 750 214 
-1 
762 214 
12.0 762 214 750 214 
-1 
682 85 
52.0096144958 682 85 681 137 
16.1245154966 682 85 666 83 
22.360679775 704 81 682 85 
-1 
666 83 
23.0867927612 666 83 643 81 
16.1245154966 682 85 666 83 
-1 
643 81 
13.0 630 81 643 81 
23.0867927612 666 83 643 81 
-1 
630 81 
18.973665961 630 81 624 99 
13.0 630 81 643 81 
-1 
624 99 
43.0116263352 623 142 624 99 
18.973665961 630 81 624 99 
-1 
623 142 
35.0 623 177 623 142 
43.0116263352 623 142 624 99 
-1 
623 186 
36.4965751818 623 186 617 222 
-1 
623 177 
35.0 623 177 623 142 
-1 
704 81 
22.360679775 704 81 682 85 
22.0907220344 726 83 704 81 
-1 
726 83 
22.0907220344 726 83 704 81 
33.0151480384 726 83 759 82 
-1 
759 82 
33.0151480384 726 83 759 82 
49.0102030194 758 131 759 82 
-1 
715 83 
-1 
757 79 
-1 
758 131 
49.0102030194 758 131 759 82 
13.416407865 752 143 758 131 
-1 
780 447 
28.1602556807 752 444 780 447 
28.1602556807 780 447 752 444 
19.0262975904 799 446 780 447 
-1 
799 446 
19.0262975904 799 446 780 447 
29.5465734054 811 473 799 446 
12.0415945788 807 437 799 446 
-1 
811 473 
61.0327780787 811 473 750 471 
60.0166643525 811 473 752 484 
29.5465734054 811 473 799 446 
25.0 818 449 811 473 
53.7587202229 811 473 862 490 
-1 
814 415 
23.0867927612 814 415 807 437 
23.5372045919 814 415 809 392 
44.3846820423 857 426 814 415 
-1 
818 449 
25.0 818 449 811 473 
-1 
857 426 
44.3846820423 857 426 814 415 
64.1950153828 862 490 857 426 
58.0086200491 858 368 857 426 
-1 
858 368 
53.0848377599 858 368 805 371 
58.0086200491 858 368 857 426 
-1 
862 490 
64.1950153828 862 490 857 426 
84.0238061504 860 574 862 490 
53.7587202229 811 473 862 490 
-1 
852 627 
53.600373133 852 627 860 574 
-1 
860 574 
84.0238061504 860 574 862 490 
53.600373133 852 627 860 574 
27.892651362 833 567 860 574 
27.892651362 833 567 860 574 
-1 
833 567 
27.892651362 833 567 860 574 
27.892651362 833 567 860 574 
-1 
752 484 
13.152946438 750 471 752 484 
24.6981780705 761 507 752 484 
60.0166643525 811 473 752 484 
-1 
761 507 
24.6981780705 761 507 752 484 
31.0483493925 761 507 753 537 
23.5372045919 761 507 738 502 
-1 
753 537 
31.0483493925 761 507 753 537 
29.0172362571 752 566 753 537 
15.0 753 537 738 537 
-1 
752 566 
4.24264068712 752 566 749 569 
29.0172362571 752 566 753 537 
33.7342555869 759 599 752 566 
15.2970585408 752 566 737 563 
-1 
759 599 
33.7342555869 759 599 752 566 
25.9615099715 766 624 759 599 
-1 
730 616 
36.8781778292 766 624 730 616 
10.0 736 608 730 616 
-1 
766 624 
25.9615099715 766 624 759 599 
36.8781778292 766 624 730 616 
-1 
749 569 
4.24264068712 752 566 749 569 
-1 
736 608 
10.0 736 608 730 616 
45.0111097397 737 563 736 608 
-1 
732 614 
-1 
737 563 
45.0111097397 737 563 736 608 
26.0192236625 738 537 737 563 
15.2970585408 752 566 737 563 
-1 
738 537 
26.0192236625 738 537 737 563 
15.0 753 537 738 537 
35.0 738 502 738 537 
-1 
738 502 
23.5372045919 761 507 738 502 
35.0 738 502 738 537 
22.6715680975 738 502 723 485 
-1 
723 485 
19.3132079158 730 467 723 485 
22.6715680975 738 502 723 485 
40.8044115262 723 485 684 473 
-1 
684 473 
40.8044115262 723 485 684 473 
51.7880295049 684 473 633 482 
-1 
709 473 
-1 
807 437 
12.0415945788 807 437 799 446 
21.2602916255 821 453 807 437 
23.0867927612 814 415 807 437 
-1 
821 453 
21.2602916255 821 453 807 437 
-1 
809 392 
23.5372045919 814 415 809 392 
15.2315462117 809 392 795 386 
-1 
795 386 
15.2315462117 809 392 795 386 
14.3178210633 795 386 789 373 
-1 
789 373 
14.3178210633 795 386 789 373 
48.1663783152 753 341 789 373 
16.1245154966 805 371 789 373 
-1 
805 371 
16.1245154966 805 371 789 373 
53.0848377599 858 368 805 371 
-1 
569 551 
0 569 551 557 551 
-1 
585 569 
0 587 583 585 569 
-1 
569 571 
0 567 578 569 571 
-1 
