VERTICES
stanford:	546, 159
stanford:	556, 184
stanford:	534, 184
stanford:	545, 184
keenan:	549, 195
keenan:	555, 214
keenan:	548, 214
keenan:	523, 216
nquad:	559, 194
nquad:	587, 193
nquad:	588, 173
nquad:	560, 169
nquad:	560, 181
nquad:	573, 206
nquad:	559, 221
nquad:	587, 223
nquad:	558, 263
nquad:	588, 265
nquad:	573, 282
nquad:	559, 305
nquad:	590, 303
nquad:	517, 223
nquad:	590, 277
squad:	280, 445
squad:	290, 414
squad:	265, 419
squad:	263, 430
squad:	266, 445
squad:	328, 414
squad:	311, 404
squad:	301, 392
squad:	316, 390
squad:	318, 396
squad:	300, 398
squad:	291, 391
squad:	328, 391
squad:	308, 381
squad:	355, 444
squad:	330, 444
squad:	354, 417
squad:	376, 419
squad:	377, 446
squad:	418, 429
squad:	424, 416
squad:	404, 444
squad:	403, 434
squad:	405, 420
squad:	407, 406
squad:	418, 446
squad:	457, 442
squad:	456, 416
squad:	472, 433
squad:	486, 446
squad:	484, 422
squad:	471, 411
squad:	511, 433
squad:	530, 444
squad:	530, 417
squad:	512, 446
squad:	510, 416
squad:	551, 417
squad:	568, 444
squad:	568, 421
path:	471, 398
path:	456, 398
path:	481, 401
path:	431, 395
path:	509, 395
path:	429, 381
path:	451, 381
path:	487, 383
path:	508, 374
path:	447, 354
path:	428, 366
path:	497, 352
path:	466, 354
path:	478, 354
path:	468, 391
path:	477, 389
path:	474, 341
path:	466, 341
path:	467, 333
path:	476, 333
path:	449, 333
path:	492, 331
path:	510, 354
path:	505, 338
path:	437, 338
path:	431, 351
path:	419, 353
path:	428, 361
path:	507, 331
path:	450, 312
path:	434, 328
path:	435, 312
path:	487, 311
path:	471, 311
path:	471, 325
path:	470, 293
path:	503, 313
path:	522, 318
path:	481, 287
path:	454, 287
path:	492, 291
path:	532, 356
path:	526, 340
path:	550, 384
path:	548, 343
path:	546, 317
path:	613, 328
path:	549, 329
path:	518, 296
path:	522, 280
path:	506, 272
path:	525, 272
path:	488, 275
path:	519, 253
path:	499, 253
path:	352, 392
path:	356, 354
path:	374, 351
path:	404, 352
path:	374, 380
path:	354, 375
path:	375, 366
path:	374, 367
path:	395, 370
path:	392, 384
path:	406, 383
path:	408, 369
path:	357, 323
path:	373, 323
path:	392, 331
path:	410, 336
path:	397, 310
path:	412, 322
EDGES
stanford:	545, 184, 546, 159
stanford:	556, 184, 545, 184
stanford:	545, 184, 534, 184
keenan:	548, 214, 523, 216
keenan:	548, 214, 549, 195
keenan:	548, 214, 555, 214
keenan:	545, 184, 549, 195
nquad:	587, 223, 559, 221
nquad:	587, 223, 558, 263
nquad:	558, 263, 559, 221
nquad:	588, 265, 587, 223
nquad:	558, 263, 588, 265
nquad:	573, 282, 558, 263
nquad:	588, 265, 573, 282
nquad:	590, 303, 573, 282
nquad:	559, 305, 590, 303
nquad:	573, 282, 559, 305
nquad:	558, 263, 559, 305
nquad:	573, 206, 587, 223
nquad:	573, 206, 559, 221
nquad:	559, 194, 573, 206
nquad:	587, 193, 573, 206
nquad:	588, 173, 587, 193
nquad:	560, 181, 588, 173
nquad:	559, 194, 560, 181
nquad:	560, 169, 560, 181
nquad:	546, 159, 560, 169
nquad:	556, 184, 560, 181
nquad:	549, 195, 559, 194
nquad:	555, 214, 559, 221
nquad:	559, 194, 587, 193
nquad:	588, 173, 560, 169
nquad:	559, 194, 559, 221
nquad:	587, 193, 587, 223
nquad:	588, 265, 590, 303
nquad:	523, 216, 517, 223
nquad:	559, 221, 517, 223
nquad:	588, 265, 590, 277
nquad:	590, 303, 590, 277
squad:	266, 445, 263, 430
squad:	280, 445, 266, 445
squad:	290, 414, 280, 445
squad:	263, 430, 290, 414
squad:	263, 430, 265, 419
squad:	290, 414, 265, 419
squad:	328, 414, 290, 414
squad:	328, 414, 280, 445
squad:	301, 392, 290, 414
squad:	311, 404, 290, 414
squad:	291, 391, 290, 414
squad:	301, 392, 291, 391
squad:	300, 398, 301, 392
squad:	311, 404, 300, 398
squad:	318, 396, 311, 404
squad:	328, 391, 318, 396
squad:	316, 390, 328, 391
squad:	318, 396, 316, 390
squad:	328, 414, 318, 396
squad:	311, 404, 328, 414
squad:	316, 390, 301, 392
squad:	308, 381, 301, 392
squad:	316, 390, 308, 381
squad:	330, 444, 280, 445
squad:	355, 444, 330, 444
squad:	328, 414, 330, 444
squad:	355, 444, 328, 414
squad:	354, 417, 328, 414
squad:	354, 417, 355, 444
squad:	354, 417, 376, 419
squad:	376, 419, 355, 444
squad:	355, 444, 377, 446
squad:	376, 419, 377, 446
squad:	377, 446, 418, 429
squad:	418, 429, 376, 419
squad:	424, 416, 418, 429
squad:	376, 419, 424, 416
squad:	404, 444, 377, 446
squad:	403, 434, 404, 444
squad:	418, 429, 403, 434
squad:	405, 420, 403, 434
squad:	418, 429, 405, 420
squad:	424, 416, 405, 420
squad:	407, 406, 405, 420
squad:	404, 444, 418, 446
squad:	418, 429, 418, 446
squad:	418, 446, 457, 442
squad:	457, 442, 418, 429
squad:	456, 416, 457, 442
squad:	456, 416, 418, 429
squad:	424, 416, 456, 416
squad:	472, 433, 457, 442
squad:	456, 416, 472, 433
squad:	486, 446, 472, 433
squad:	457, 442, 486, 446
squad:	484, 422, 472, 433
squad:	486, 446, 484, 422
squad:	471, 411, 456, 416
squad:	484, 422, 471, 411
squad:	511, 433, 484, 422
squad:	486, 446, 511, 433
squad:	530, 417, 511, 433
squad:	530, 444, 530, 417
squad:	511, 433, 530, 444
squad:	512, 446, 530, 444
squad:	486, 446, 512, 446
squad:	510, 416, 484, 422
squad:	511, 433, 510, 416
squad:	530, 417, 510, 416
squad:	551, 417, 530, 417
squad:	568, 444, 530, 444
squad:	551, 417, 568, 444
squad:	551, 417, 568, 421
squad:	568, 444, 568, 421
path:	456, 398, 481, 401
path:	456, 398, 456, 416
path:	471, 411, 456, 398
path:	471, 411, 481, 401
path:	484, 422, 481, 401
path:	431, 395, 456, 416
path:	456, 398, 431, 395
path:	509, 395, 481, 401
path:	510, 416, 509, 395
path:	509, 395, 484, 422
path:	429, 381, 456, 398
path:	451, 381, 456, 398
path:	451, 381, 471, 398
path:	487, 383, 471, 398
path:	487, 383, 481, 401
path:	508, 374, 481, 401
path:	447, 354, 451, 381
path:	447, 354, 429, 381
path:	447, 354, 428, 366
path:	497, 352, 508, 374
path:	497, 352, 487, 383
path:	497, 352, 447, 354
path:	466, 354, 447, 354
path:	497, 352, 478, 354
path:	468, 391, 471, 398
path:	471, 398, 477, 389
path:	466, 354, 468, 391
path:	477, 389, 478, 354
path:	474, 341, 466, 341
path:	478, 354, 474, 341
path:	466, 354, 466, 341
path:	466, 341, 447, 354
path:	497, 352, 474, 341
path:	466, 341, 467, 333
path:	476, 333, 474, 341
path:	467, 333, 476, 333
path:	467, 333, 449, 333
path:	492, 331, 476, 333
path:	492, 331, 497, 352
path:	449, 333, 447, 354
path:	508, 374, 510, 354
path:	510, 354, 497, 352
path:	505, 338, 497, 352
path:	510, 354, 505, 338
path:	428, 361, 428, 366
path:	428, 361, 419, 353
path:	428, 361, 431, 351
path:	419, 353, 431, 351
path:	447, 354, 431, 351
path:	431, 351, 437, 338
path:	447, 354, 437, 338
path:	449, 333, 437, 338
path:	505, 338, 492, 331
path:	507, 331, 492, 331
path:	505, 338, 507, 331
path:	450, 312, 449, 333
path:	437, 338, 434, 328
path:	450, 312, 434, 328
path:	434, 328, 435, 312
path:	450, 312, 435, 312
path:	492, 331, 487, 311
path:	476, 333, 487, 311
path:	450, 312, 467, 333
path:	471, 311, 450, 312
path:	487, 311, 471, 311
path:	471, 325, 467, 333
path:	476, 333, 471, 325
path:	471, 311, 471, 325
path:	471, 311, 470, 293
path:	470, 293, 450, 312
path:	487, 311, 470, 293
path:	487, 311, 507, 331
path:	503, 313, 487, 311
path:	507, 331, 503, 313
path:	507, 331, 522, 318
path:	470, 293, 481, 287
path:	470, 293, 454, 287
path:	454, 287, 450, 312
path:	492, 291, 481, 287
path:	487, 311, 492, 291
path:	532, 356, 526, 340
path:	510, 354, 532, 356
path:	526, 340, 510, 354
path:	505, 338, 532, 356
path:	550, 384, 532, 356
path:	550, 384, 487, 383
path:	551, 417, 550, 384
path:	548, 343, 532, 356
path:	550, 384, 548, 343
path:	546, 317, 522, 318
path:	548, 343, 546, 317
path:	559, 305, 546, 317
path:	590, 303, 613, 328
path:	548, 343, 549, 329
path:	546, 317, 549, 329
path:	613, 328, 549, 329
path:	518, 296, 503, 313
path:	522, 318, 518, 296
path:	559, 305, 518, 296
path:	522, 280, 518, 296
path:	518, 296, 506, 272
path:	506, 272, 525, 272
path:	522, 280, 525, 272
path:	506, 272, 492, 291
path:	481, 287, 488, 275
path:	506, 272, 488, 275
path:	492, 291, 488, 275
path:	506, 272, 499, 253
path:	525, 272, 499, 253
path:	519, 253, 506, 272
path:	525, 272, 519, 253
path:	499, 253, 519, 253
path:	354, 417, 352, 392
path:	356, 354, 352, 392
path:	419, 353, 404, 352
path:	374, 351, 404, 352
path:	374, 351, 356, 354
path:	352, 392, 354, 375
path:	356, 354, 354, 375
path:	374, 380, 354, 375
path:	356, 354, 374, 380
path:	374, 351, 354, 375
path:	375, 366, 374, 380
path:	374, 351, 375, 366
path:	375, 366, 374, 367
path:	395, 370, 375, 366
path:	419, 353, 395, 370
path:	374, 351, 395, 370
path:	374, 380, 395, 370
path:	406, 383, 392, 384
path:	395, 370, 406, 383
path:	374, 380, 392, 384
path:	395, 370, 408, 369
path:	408, 369, 406, 383
path:	404, 352, 408, 369
path:	356, 354, 373, 323
path:	357, 323, 356, 354
path:	373, 323, 357, 323
path:	374, 351, 373, 323
path:	357, 323, 374, 351
path:	392, 331, 374, 351
path:	373, 323, 392, 331
path:	410, 336, 419, 353
path:	410, 336, 404, 352
path:	392, 331, 410, 336
path:	410, 336, 412, 322
path:	412, 322, 392, 331
path:	397, 310, 392, 331
path:	373, 323, 397, 310
path:	435, 312, 397, 310
path:	435, 312, 412, 322
